lane 1 NotAllowSwitchLane 
1.1 400.310000 543.960000 0.000000 30.000000 
1.2 416.310000 543.960000 0.000000 30.000000 
lane 2 NotAllowSwitchLane 
2.1 416.310000 543.960000 0.000000 30.000000 
2.2 432.310000 543.960000 0.000000 30.000000 
exit 1.2 2.1 
lane 3 NotAllowSwitchLane 
3.1 432.310000 543.960000 0.000000 30.000000 
3.2 448.310000 543.960000 0.000000 30.000000 
exit 2.2 3.1 
lane 4 NotAllowSwitchLane 
4.1 448.310000 543.960000 0.000000 30.000000 
4.2 464.310000 543.960000 0.000000 30.000000 
exit 3.2 4.1 
lane 5 NotAllowSwitchLane 
5.1 464.310000 543.960000 0.000000 30.000000 
5.2 480.310000 543.960000 0.000000 30.000000 
exit 4.2 5.1 
lane 6 NotAllowSwitchLane 
6.1 480.310000 543.960000 0.000000 30.000000 
6.2 496.310000 543.960000 0.000000 30.000000 
exit 5.2 6.1 
lane 7 NotAllowSwitchLane 
7.1 496.310000 543.960000 0.000000 30.000000 
7.2 512.310000 543.960000 0.000000 30.000000 
exit 6.2 7.1 
lane 8 NotAllowSwitchLane 
8.1 512.310000 543.960000 0.000000 30.000000 
8.2 528.310000 543.960000 0.000000 30.000000 
exit 7.2 8.1 
lane 9 NotAllowSwitchLane 
9.1 528.310000 543.960000 0.000000 30.000000 
9.2 544.310000 543.960000 0.000000 30.000000 
exit 8.2 9.1 
lane 10 NotAllowSwitchLane 
10.1 544.310000 543.960000 0.000000 30.000000 
10.2 560.310000 543.960000 0.000000 30.000000 
exit 9.2 10.1 
lane 11 NotAllowSwitchLane 
11.1 560.310000 543.960000 0.000000 30.000000 
11.2 576.310000 543.960000 0.000000 30.000000 
exit 10.2 11.1 
lane 12 NotAllowSwitchLane 
12.1 576.310000 543.960000 0.000000 30.000000 
12.2 592.310000 543.960000 0.000000 30.000000 
exit 11.2 12.1 
lane 13 NotAllowSwitchLane 
13.1 592.310000 543.960000 0.000000 30.000000 
13.2 608.310000 543.960000 0.000000 30.000000 
exit 12.2 13.1 
lane 14 NotAllowSwitchLane 
14.1 608.310000 543.960000 0.000000 30.000000 
14.2 624.310000 543.960000 0.000000 30.000000 
exit 13.2 14.1 
lane 15 NotAllowSwitchLane 
15.1 624.310000 543.960000 0.000000 30.000000 
15.2 640.310000 543.960000 0.000000 30.000000 
exit 14.2 15.1 
lane 16 NotAllowSwitchLane 
16.1 640.310000 543.960000 0.000000 30.000000 
16.2 656.310000 543.960000 0.000000 30.000000 
exit 15.2 16.1 
lane 17 NotAllowSwitchLane 
17.1 656.310000 543.960000 0.000000 30.000000 
17.2 672.310000 543.960000 0.000000 30.000000 
exit 16.2 17.1 
lane 18 NotAllowSwitchLane 
18.1 672.310000 543.960000 0.000000 30.000000 
18.2 688.310000 543.960000 0.000000 30.000000 
exit 17.2 18.1 
lane 19 NotAllowSwitchLane 
19.1 688.310000 543.960000 0.000000 30.000000 
19.2 704.310000 543.960000 0.000000 30.000000 
exit 18.2 19.1 
lane 20 NotAllowSwitchLane 
20.1 704.310000 543.960000 0.000000 30.000000 
20.2 720.310000 543.960000 0.000000 30.000000 
exit 19.2 20.1 
lane 21 NotAllowSwitchLane 
21.1 720.310000 543.960000 0.000000 30.000000 
21.2 736.310000 543.960000 0.000000 30.000000 
exit 20.2 21.1 
lane 22 NotAllowSwitchLane 
22.1 736.310000 543.960000 0.000000 30.000000 
22.2 746.270000 543.590000 0.000000 30.000000 
exit 21.2 22.1 
lane 23 NotAllowSwitchLane 
23.1 746.270000 543.590000 0.000000 30.000000 
23.2 747.660000 542.230000 0.000000 30.000000 
exit 22.2 23.1 
lane 24 NotAllowSwitchLane 
24.1 747.660000 542.230000 0.000000 30.000000 
24.2 748.060000 540.280000 0.000000 30.000000 
exit 23.2 24.1 
lane 25 NotAllowSwitchLane 
25.1 748.060000 540.280000 0.000000 30.000000 
25.2 748.060000 524.280000 0.000000 30.000000 
exit 24.2 25.1 
lane 26 NotAllowSwitchLane 
26.1 748.060000 524.280000 0.000000 30.000000 
26.2 748.060000 508.280000 0.000000 30.000000 
exit 25.2 26.1 
lane 27 NotAllowSwitchLane 
27.1 748.060000 508.280000 0.000000 30.000000 
27.2 748.060000 492.280000 0.000000 30.000000 
exit 26.2 27.1 
lane 28 NotAllowSwitchLane 
28.1 748.060000 492.280000 0.000000 30.000000 
28.2 748.060000 476.280000 0.000000 30.000000 
exit 27.2 28.1 
lane 29 NotAllowSwitchLane 
29.1 748.060000 476.280000 0.000000 30.000000 
29.2 748.060000 460.280000 0.000000 30.000000 
exit 28.2 29.1 
lane 30 NotAllowSwitchLane 
30.1 748.060000 460.280000 0.000000 30.000000 
30.2 748.060000 444.280000 0.000000 30.000000 
exit 29.2 30.1 
lane 31 NotAllowSwitchLane 
31.1 748.060000 444.280000 0.000000 30.000000 
31.2 748.060000 428.280000 0.000000 30.000000 
exit 30.2 31.1 
lane 32 NotAllowSwitchLane 
32.1 748.060000 428.280000 0.000000 30.000000 
32.2 748.060000 412.280000 0.000000 30.000000 
exit 31.2 32.1 
lane 33 NotAllowSwitchLane 
33.1 748.060000 412.280000 0.000000 30.000000 
33.2 748.060000 396.280000 0.000000 30.000000 
exit 32.2 33.1 
lane 34 NotAllowSwitchLane 
34.1 748.060000 396.280000 0.000000 30.000000 
34.2 748.060000 380.280000 0.000000 30.000000 
exit 33.2 34.1 
lane 35 NotAllowSwitchLane 
35.1 748.060000 380.280000 0.000000 30.000000 
35.2 748.060000 364.280000 0.000000 30.000000 
exit 34.2 35.1 
lane 36 NotAllowSwitchLane 
36.1 748.060000 364.280000 0.000000 30.000000 
36.2 748.060000 348.280000 0.000000 30.000000 
exit 35.2 36.1 
lane 37 NotAllowSwitchLane 
37.1 748.060000 348.280000 0.000000 30.000000 
37.2 748.060000 332.280000 0.000000 30.000000 
exit 36.2 37.1 
lane 38 NotAllowSwitchLane 
38.1 748.060000 332.280000 0.000000 30.000000 
38.2 747.720000 320.320000 0.000000 30.000000 
exit 37.2 38.1 
lane 39 NotAllowSwitchLane 
39.1 747.720000 320.320000 0.000000 30.000000 
39.2 746.400000 318.890000 0.000000 30.000000 
exit 38.2 39.1 
lane 40 NotAllowSwitchLane 
40.1 746.400000 318.890000 0.000000 30.000000 
40.2 744.450000 318.470000 0.000000 30.000000 
exit 39.2 40.1 
lane 41 NotAllowSwitchLane 
41.1 744.450000 318.470000 0.000000 30.000000 
41.2 742.450000 318.460000 0.000000 30.000000 
exit 40.2 41.1 
lane 42 NotAllowSwitchLane 
42.1 742.450000 318.460000 0.000000 30.000000 
42.2 726.450000 318.460000 0.000000 30.000000 
exit 41.2 42.1 
lane 43 NotAllowSwitchLane 
43.1 726.450000 318.460000 0.000000 30.000000 
43.2 710.450000 318.460000 0.000000 30.000000 
exit 42.2 43.1 
lane 44 NotAllowSwitchLane 
44.1 710.450000 318.460000 0.000000 30.000000 
44.2 694.450000 318.460000 0.000000 30.000000 
exit 43.2 44.1 
lane 45 NotAllowSwitchLane 
45.1 694.450000 318.460000 0.000000 30.000000 
45.2 678.450000 318.460000 0.000000 30.000000 
exit 44.2 45.1 
lane 46 NotAllowSwitchLane 
46.1 678.450000 318.460000 0.000000 30.000000 
46.2 662.450000 318.460000 0.000000 30.000000 
exit 45.2 46.1 
lane 47 NotAllowSwitchLane 
47.1 662.450000 318.460000 0.000000 30.000000 
47.2 646.450000 318.460000 0.000000 30.000000 
exit 46.2 47.1 
lane 48 NotAllowSwitchLane 
48.1 646.450000 318.460000 0.000000 30.000000 
48.2 630.450000 318.460000 0.000000 30.000000 
exit 47.2 48.1 
lane 49 NotAllowSwitchLane 
49.1 630.450000 318.460000 0.000000 30.000000 
49.2 614.450000 318.460000 0.000000 30.000000 
exit 48.2 49.1 
lane 50 NotAllowSwitchLane 
50.1 614.450000 318.460000 0.000000 30.000000 
50.2 598.450000 318.460000 0.000000 30.000000 
exit 49.2 50.1 
lane 51 NotAllowSwitchLane 
51.1 598.450000 318.460000 0.000000 30.000000 
51.2 582.450000 318.460000 0.000000 30.000000 
exit 50.2 51.1 
lane 52 NotAllowSwitchLane 
52.1 582.450000 318.460000 0.000000 30.000000 
52.2 566.450000 318.460000 0.000000 30.000000 
exit 51.2 52.1 
lane 53 NotAllowSwitchLane 
53.1 566.450000 318.460000 0.000000 30.000000 
53.2 550.450000 318.460000 0.000000 30.000000 
exit 52.2 53.1 
lane 54 NotAllowSwitchLane 
54.1 550.450000 318.460000 0.000000 30.000000 
54.2 534.450000 318.460000 0.000000 30.000000 
exit 53.2 54.1 
lane 55 NotAllowSwitchLane 
55.1 534.450000 318.460000 0.000000 30.000000 
55.2 518.450000 318.460000 0.000000 30.000000 
exit 54.2 55.1 
lane 56 NotAllowSwitchLane 
56.1 518.450000 318.460000 0.000000 30.000000 
56.2 503.450000 318.460000 0.000000 30.000000 
exit 55.2 56.1 
lane 57 NotAllowSwitchLane 
57.1 503.450000 318.460000 0.000000 30.000000 
57.2 487.450000 318.460000 0.000000 30.000000 
exit 56.2 57.1 
lane 58 NotAllowSwitchLane 
58.1 487.450000 318.460000 0.000000 30.000000 
58.2 471.450000 318.460000 0.000000 30.000000 
exit 57.2 58.1 
lane 59 NotAllowSwitchLane 
59.1 471.450000 318.460000 0.000000 30.000000 
59.2 455.450000 318.460000 0.000000 30.000000 
exit 58.2 59.1 
lane 60 NotAllowSwitchLane 
60.1 455.450000 318.460000 0.000000 30.000000 
60.2 439.450000 318.460000 0.000000 30.000000 
exit 59.2 60.1 
lane 61 NotAllowSwitchLane 
61.1 439.450000 318.460000 0.000000 30.000000 
61.2 423.450000 318.460000 0.000000 30.000000 
exit 60.2 61.1 
lane 62 NotAllowSwitchLane 
62.1 423.450000 318.460000 0.000000 30.000000 
62.2 407.450000 318.460000 0.000000 30.000000 
exit 61.2 62.1 
lane 63 NotAllowSwitchLane 
63.1 407.450000 318.460000 0.000000 30.000000 
63.2 391.450000 318.460000 0.000000 30.000000 
exit 62.2 63.1 
lane 64 NotAllowSwitchLane 
64.1 391.450000 318.460000 0.000000 30.000000 
64.2 375.450000 318.460000 0.000000 30.000000 
exit 63.2 64.1 
lane 65 NotAllowSwitchLane 
65.1 375.450000 318.460000 0.000000 30.000000 
65.2 359.450000 318.460000 0.000000 30.000000 
exit 64.2 65.1 
lane 66 NotAllowSwitchLane 
66.1 359.450000 318.460000 0.000000 30.000000 
66.2 343.450000 318.460000 0.000000 30.000000 
exit 65.2 66.1 
lane 67 NotAllowSwitchLane 
67.1 343.450000 318.460000 0.000000 30.000000 
67.2 327.450000 318.460000 0.000000 30.000000 
exit 66.2 67.1 
lane 68 NotAllowSwitchLane 
68.1 327.450000 318.460000 0.000000 30.000000 
68.2 311.450000 318.460000 0.000000 30.000000 
exit 67.2 68.1 
lane 69 NotAllowSwitchLane 
69.1 311.450000 318.460000 0.000000 30.000000 
69.2 295.450000 318.460000 0.000000 30.000000 
exit 68.2 69.1 
lane 70 NotAllowSwitchLane 
70.1 295.450000 318.460000 0.000000 30.000000 
70.2 279.450000 318.460000 0.000000 30.000000 
exit 69.2 70.1 
lane 71 NotAllowSwitchLane 
71.1 279.450000 318.460000 0.000000 30.000000 
71.2 263.450000 318.460000 0.000000 30.000000 
exit 70.2 71.1 
lane 72 NotAllowSwitchLane 
72.1 263.450000 318.460000 0.000000 30.000000 
72.2 247.450000 318.460000 0.000000 30.000000 
exit 71.2 72.1 
lane 73 NotAllowSwitchLane 
73.1 247.450000 318.460000 0.000000 30.000000 
73.2 231.450000 318.460000 0.000000 30.000000 
exit 72.2 73.1 
lane 74 NotAllowSwitchLane 
74.1 231.450000 318.460000 0.000000 30.000000 
74.2 215.450000 318.460000 0.000000 30.000000 
exit 73.2 74.1 
lane 75 NotAllowSwitchLane 
75.1 215.450000 318.460000 0.000000 30.000000 
75.2 199.450000 318.460000 0.000000 30.000000 
exit 74.2 75.1 
lane 76 NotAllowSwitchLane 
76.1 199.450000 318.460000 0.000000 30.000000 
76.2 183.450000 318.460000 0.000000 30.000000 
exit 75.2 76.1 
lane 77 NotAllowSwitchLane 
77.1 183.450000 318.460000 0.000000 30.000000 
77.2 167.450000 318.460000 0.000000 30.000000 
exit 76.2 77.1 
lane 78 NotAllowSwitchLane 
78.1 167.450000 318.460000 0.000000 30.000000 
78.2 151.450000 318.460000 0.000000 30.000000 
exit 77.2 78.1 
lane 79 NotAllowSwitchLane 
79.1 151.450000 318.460000 0.000000 30.000000 
79.2 136.450000 318.470000 0.000000 30.000000 
exit 78.2 79.1 
lane 80 NotAllowSwitchLane 
80.1 136.450000 318.470000 0.000000 30.000000 
80.2 120.460000 318.660000 0.000000 30.000000 
exit 79.2 80.1 
lane 81 NotAllowSwitchLane 
81.1 120.460000 318.660000 0.000000 30.000000 
81.2 105.460000 319.000000 0.000000 30.000000 
exit 80.2 81.1 
lane 82 NotAllowSwitchLane 
82.1 105.460000 319.000000 0.000000 30.000000 
82.2 90.466000 319.420000 0.000000 30.000000 
exit 81.2 82.1 
lane 83 NotAllowSwitchLane 
83.1 90.466000 319.420000 0.000000 30.000000 
83.2 75.473000 319.890000 0.000000 30.000000 
exit 82.2 83.1 
lane 84 NotAllowSwitchLane 
84.1 75.473000 319.890000 0.000000 30.000000 
84.2 60.481000 320.380000 0.000000 30.000000 
exit 83.2 84.1 
lane 85 NotAllowSwitchLane 
85.1 60.481000 320.380000 0.000000 30.000000 
85.2 44.530000 321.440000 0.000000 30.000000 
exit 84.2 85.1 
lane 86 NotAllowSwitchLane 
86.1 44.530000 321.440000 0.000000 30.000000 
86.2 31.972000 324.720000 0.000000 30.000000 
exit 85.2 86.1 
lane 87 NotAllowSwitchLane 
87.1 31.972000 324.720000 0.000000 30.000000 
87.2 20.208000 330.220000 0.000000 30.000000 
exit 86.2 87.1 
lane 88 NotAllowSwitchLane 
88.1 20.208000 330.220000 0.000000 30.000000 
88.2 7.200300 339.490000 0.000000 30.000000 
exit 87.2 88.1 
lane 89 NotAllowSwitchLane 
89.1 7.200300 339.490000 0.000000 30.000000 
89.2 -3.949500 350.940000 0.000000 30.000000 
exit 88.2 89.1 
lane 90 NotAllowSwitchLane 
90.1 -3.949500 350.940000 0.000000 30.000000 
90.2 -12.665000 363.140000 0.000000 30.000000 
exit 89.2 90.1 
lane 91 NotAllowSwitchLane 
91.1 -12.665000 363.140000 0.000000 30.000000 
91.2 -20.198000 377.240000 0.000000 30.000000 
exit 90.2 91.1 
lane 92 NotAllowSwitchLane 
92.1 -20.198000 377.240000 0.000000 30.000000 
92.2 -25.777000 391.160000 0.000000 30.000000 
exit 91.2 92.1 
lane 93 NotAllowSwitchLane 
93.1 -25.777000 391.160000 0.000000 30.000000 
93.2 -30.138000 405.510000 0.000000 30.000000 
exit 92.2 93.1 
lane 94 NotAllowSwitchLane 
94.1 -30.138000 405.510000 0.000000 30.000000 
94.2 -33.720000 421.100000 0.000000 30.000000 
exit 93.2 94.1 
lane 95 NotAllowSwitchLane 
95.1 -33.720000 421.100000 0.000000 30.000000 
95.2 -36.505000 436.850000 0.000000 30.000000 
exit 94.2 95.1 
lane 96 NotAllowSwitchLane 
96.1 -36.505000 436.850000 0.000000 30.000000 
96.2 -38.812000 452.680000 0.000000 30.000000 
exit 95.2 96.1 
lane 97 NotAllowSwitchLane 
97.1 -38.812000 452.680000 0.000000 30.000000 
97.2 -40.370000 467.590000 0.000000 30.000000 
exit 96.2 97.1 
lane 98 NotAllowSwitchLane 
98.1 -40.370000 467.590000 0.000000 30.000000 
98.2 -39.496000 477.540000 0.000000 30.000000 
exit 97.2 98.1 
lane 99 NotAllowSwitchLane 
99.1 -39.496000 477.540000 0.000000 30.000000 
99.2 -36.570000 488.130000 0.000000 30.000000 
exit 98.2 99.1 
lane 100 NotAllowSwitchLane 
100.1 -36.570000 488.130000 0.000000 30.000000 
100.2 -31.823000 498.030000 0.000000 30.000000 
exit 99.2 100.1 
lane 101 NotAllowSwitchLane 
101.1 -31.823000 498.030000 0.000000 30.000000 
101.2 -24.241000 508.570000 0.000000 30.000000 
exit 100.2 101.1 
lane 102 NotAllowSwitchLane 
102.1 -24.241000 508.570000 0.000000 30.000000 
102.2 -13.394000 518.900000 0.000000 30.000000 
exit 101.2 102.1 
lane 103 NotAllowSwitchLane 
103.1 -13.394000 518.900000 0.000000 30.000000 
103.2 -0.903960 527.180000 0.000000 30.000000 
exit 102.2 103.1 
lane 104 NotAllowSwitchLane 
104.1 -0.903960 527.180000 0.000000 30.000000 
104.2 12.696000 533.480000 0.000000 30.000000 
exit 103.2 104.1 
lane 105 NotAllowSwitchLane 
105.1 12.696000 533.480000 0.000000 30.000000 
105.2 27.962000 538.230000 0.000000 30.000000 
exit 104.2 105.1 
lane 106 NotAllowSwitchLane 
106.1 27.962000 538.230000 0.000000 30.000000 
106.2 42.673000 541.140000 0.000000 30.000000 
exit 105.2 106.1 
lane 107 NotAllowSwitchLane 
107.1 42.673000 541.140000 0.000000 30.000000 
107.2 58.570000 542.920000 0.000000 30.000000 
exit 106.2 107.1 
lane 108 NotAllowSwitchLane 
108.1 58.570000 542.920000 0.000000 30.000000 
108.2 74.548000 543.730000 0.000000 30.000000 
exit 107.2 108.1 
lane 109 NotAllowSwitchLane 
109.1 74.548000 543.730000 0.000000 30.000000 
109.2 89.546000 543.950000 0.000000 30.000000 
exit 108.2 109.1 
lane 110 NotAllowSwitchLane 
110.1 89.546000 543.950000 0.000000 30.000000 
110.2 104.550000 543.960000 0.000000 30.000000 
exit 109.2 110.1 
lane 111 NotAllowSwitchLane 
111.1 104.550000 543.960000 0.000000 30.000000 
111.2 120.550000 543.960000 0.000000 30.000000 
exit 110.2 111.1 
lane 112 NotAllowSwitchLane 
112.1 120.550000 543.960000 0.000000 30.000000 
112.2 135.550000 543.960000 0.000000 30.000000 
exit 111.2 112.1 
lane 113 NotAllowSwitchLane 
113.1 135.550000 543.960000 0.000000 30.000000 
113.2 151.550000 543.960000 0.000000 30.000000 
exit 112.2 113.1 
lane 114 NotAllowSwitchLane 
114.1 151.550000 543.960000 0.000000 30.000000 
114.2 167.550000 543.960000 0.000000 30.000000 
exit 113.2 114.1 
lane 115 NotAllowSwitchLane 
115.1 167.550000 543.960000 0.000000 30.000000 
115.2 183.550000 543.960000 0.000000 30.000000 
exit 114.2 115.1 
lane 116 NotAllowSwitchLane 
116.1 183.550000 543.960000 0.000000 30.000000 
116.2 199.550000 543.960000 0.000000 30.000000 
exit 115.2 116.1 
lane 117 NotAllowSwitchLane 
117.1 199.550000 543.960000 0.000000 30.000000 
117.2 215.550000 543.960000 0.000000 30.000000 
exit 116.2 117.1 
lane 118 NotAllowSwitchLane 
118.1 215.550000 543.960000 0.000000 30.000000 
118.2 231.550000 543.960000 0.000000 30.000000 
exit 117.2 118.1 
lane 119 NotAllowSwitchLane 
119.1 231.550000 543.960000 0.000000 30.000000 
119.2 247.550000 543.960000 0.000000 30.000000 
exit 118.2 119.1 
lane 120 NotAllowSwitchLane 
120.1 247.550000 543.960000 0.000000 30.000000 
120.2 263.550000 543.960000 0.000000 30.000000 
exit 119.2 120.1 
lane 121 NotAllowSwitchLane 
121.1 263.550000 543.960000 0.000000 30.000000 
121.2 279.550000 543.960000 0.000000 30.000000 
exit 120.2 121.1 
lane 122 NotAllowSwitchLane 
122.1 279.550000 543.960000 0.000000 30.000000 
122.2 295.550000 543.960000 0.000000 30.000000 
exit 121.2 122.1 
lane 123 NotAllowSwitchLane 
123.1 295.550000 543.960000 0.000000 30.000000 
123.2 311.550000 543.960000 0.000000 30.000000 
exit 122.2 123.1 
lane 124 NotAllowSwitchLane 
124.1 311.550000 543.960000 0.000000 30.000000 
124.2 327.550000 543.960000 0.000000 30.000000 
exit 123.2 124.1 
lane 125 NotAllowSwitchLane 
125.1 327.550000 543.960000 0.000000 30.000000 
125.2 343.550000 543.960000 0.000000 30.000000 
exit 124.2 125.1 
lane 126 NotAllowSwitchLane 
126.1 343.550000 543.960000 0.000000 30.000000 
126.2 359.550000 543.960000 0.000000 30.000000 
exit 125.2 126.1 
lane 127 NotAllowSwitchLane 
127.1 359.550000 543.960000 0.000000 30.000000 
127.2 375.550000 543.960000 0.000000 30.000000 
exit 126.2 127.1 
lane 128 NotAllowSwitchLane 
128.1 375.550000 543.960000 0.000000 30.000000 
128.2 391.550000 543.960000 0.000000 30.000000 
exit 127.2 128.1 
lane 129 NotAllowSwitchLane 
128.2 391.550000 543.960000 0.000000 30.000000 
1.1 400.310000 543.960000 0.000000 30.000000 
exit 128.2 1.1 
end 
